27 11 2021 2 11 42">42 93.4 388.32
27 11 2021 2 14 42">42 93.4 388.32
27 11 2021 2 17 42 93.46 388.57
27 11 2021 14 55 43 90.65 378.28
28 11 2021 6 9 41 96.54 402.86
28 11 2021 13 28 44 96.53 402.82
28 11 2021 14 59 41 96.53 402.82
28 11 2021 18 11 42 96.49 402.65
28 11 2021 18 25 41 96.49 402.65
1 12 2021 6 7 47 95.38 397.24
1 12 2021 9 2 47 95.38 391.48
1 12 2021 20 26 43 97.10 398.54
2 12 2021 14 41 40 98.90 404.58
2 12 2021 14 42 40 98.90 404.58
2 12 2021 14 42 40 98.90 404.58
3 12 2021 17 24 37 101.3 410.53
4 12 2021 13 42 37 100.0 406.72
5 12 2021 5 0 37 103.8 422.18
5 12 2021 16 14 38 101.9 414.45
5 12 2021 19 7 40 97.38 396.07
6 12 2021 15 48 34 103.4 420.55
7 12 2021 13 49 32 104.9 426.81
7 12 2021 13 49 32 104.9 426.81
8 12 2021 2 43 32 105.3 428.44
8 12 2021 12 43 33 105.3 429.79
9 12 2021 21 20 35 103.8 422.24
10 12 2021 1 35 35 105.0 427.12
11 12 2021 1 40 32 105.8 430.69
11 12 2021 1 41 32 105.8 430.69
13 12 2021 0 58 34 104.8 428.78
14 12 2021 12 35 37 98.15 402.25
14 12 2021 18 37 38 97.06 397.78
14 12 2021 18 37 38 97.06 397.78
17 12 2021 0 16 40 101.9 418.67
20 12 2021 14 27 36 102.0 417.15
21 12 2021 11 38 39 99.45 408.78
21 12 2021 11 38 39 99.45 408.78
21 12 2021 11 39 39 99.45 408.78
21 12 2021 11 39 39 99.45 408.78
21 12 2021 11 40 39 99.45 408.78
23 12 2021 18 59 37 99.60 408.24
26 12 2021 18 10 30 103.5 422.43
27 12 2021 2 32 29 103.5 422.43
29 12 2021 1 13 26 109.1 444.13
30 12 2021 4 28 25 105.0 426.85
2 1 2022 0 41 25 110.4 448.08
2 1 2022 21 22 26 108.2 439.15
4 1 2022 23 54 19 121.8 492.3
6 1 2022 20 19 23 111.0 447.82
7 1 2022 22 0 26 121.7 490.61
8 1 2022 16 16 21 119.9 482.83
11 1 2022 0 30 18 119.6 481.62
11 1 2022 13 0 21 115.0 460.63
11 1 2022 15 56 19 119.4 478.25
11 1 2022 15 56 19 119.4 478.25
11 1 2022 21 52 21 116.8 467.84
12 1 2022 1 50 19 117.3 469.84
13 1 2022 1 59 19 117.6 471.38
15 1 2022 4 49 17 126.5 500.58
15 1 2022 16 18 20 124.8 495.12
19 1 2022 1 22 24 114.7 455.22
19 1 2022 1 22 24 114.7 455.22
19 1 2022 21 4 24 115.2 458.69
20 1 2022 9 10 22 110.0 437.99
20 1 2022 9 20 22 110.0 437.99
20 1 2022 9 52 22 110.0 437.99
21 1 2022 18 38 23 121.6 483.97
21 1 2022 22 31 23 123.4 491.13
23 1 2022 13 8 29 110.3 440.48
23 1 2022 13 12 29 110.3 440.48
23 1 2022 13 23 29 110.3 440.48
26 1 2022 20 28 37 103.8 422.16
27 1 2022 15 39 34 103.0 418.91
28 1 2022 11 17 32 105.0 428.96
29 1 2022 16 41 29 104.9 430.93
30 1 2022 23 54 28 110.3 453.11
31 1 2022 19 38 30 109.8 451.68
31 1 2022 19 38 30 109.8 451.68
1 2 2022 23 26 33 110.4 449.09
2 2 2022 21 10 32 110.4 443.13
14 2 2022 15 0 36 101.0 399.9
16 2 2022 14 59 36 110.3 437.86
20 2 2022 17 7 35 101.0 402.09
24 2 2022 2 36 37 103.9 416.56
25 2 2022 3 0 33 107.0 446.23
27 2 2022 20 35 32 105.6 436.57
28 2 2022 17 7 30 108.7 449.39
28 2 2022 17 7 30 108.7 449.39
28 2 2022 19 56 30 110.3 461.28
1 3 2022 17 28 29 108.0 451.66
1 3 2022 17 28 29 108.0 451.66
3 3 2022 2 58 30 105.3 455.3
3 3 2022 3 0 30 105.3 455.3
3 3 2022 15 49 30 105.3 455.3
3 3 2022 23 39 29 109.8 472.78
3 3 2022 23 46 29 109.8 472.78
4 3 2022 14 43 28 106.1 456.84
4 3 2022 22 58 29 103.0 457.37
5 3 2022 0 40 29 103.0 457.37
5 3 2022 0 45 29 103.0 457.37
5 3 2022 0 46 29 103.0 457.37
5 3 2022 0 53 29 103.0 457.37
5 3 2022 1 15 29 103.0 457.37
5 3 2022 23 2 24 114.0 506.21
5 3 2022 23 4 24 114.0 506.21
5 3 2022 23 4 24 114.0 506.21
6 3 2022 14 43 23 112.7 500.44
6 3 2022 14 44 23 112.7 500.44
6 3 2022 15 23 24 109.2 484.9
6 3 2022 16 27 25 109.2 484.9
6 3 2022 18 32 23 103.5 459.59
7 3 2022 0 42 21 117.6 522.2
7 3 2022 19 49 22 115.0 522.75
8 3 2022 0 27 22 114.0 518.21
8 3 2022 0 54 22 114.0 518.21
8 3 2022 1 40 22 114.0 518.21
8 3 2022 2 21 22 114.0 518.21
12 3 2022 1 27 22 120.8 525.63
21 3 2022 0 14 24 115.5 494.56
21 3 2022 8 29 26 114.8 491.56
21 3 2022 16 33 27 114.2 488.99
22 3 2022 15 24 27 110.3 469.26
23 3 2022 16 12 28 108.1 459.42
24 3 2022 17 38 28 109.1 467.31
25 3 2022 12 7 25 114.2 493.3
25 3 2022 12 8 25 114.2 493.3
25 3 2022 14 15 30 112.0 483.8
26 3 2022 13 34 29 110.8 476.42
28 3 2022 0 38 31 103.6 445.46
28 3 2022 13 47 31 103.4 444.6
29 3 2022 10 28 32 104.3 448.74
31 3 2022 17 45 33 111.9 469.48
1 4 2022 14 11 29 111.9 469.04
1 4 2022 20 24 27 111.9 469.8
1 4 2022 20 25 26 113.4 476.1
1 4 2022 20 28 26 113.4 476.1
1 4 2022 20 30 26 113.4 476.1
3 4 2022 13 56 21 124.5 522.7
3 4 2022 13 56 21 124.5 522.7
5 4 2022 2 9 20 119.3 502.73
5 4 2022 22 22 26 108.3 456.79
9 4 2022 15 49 27 117.6 502.81
9 4 2022 15 50 27 117.6 502.81
11 4 2022 14 34 21 123.0 525.9
12 4 2022 17 54 23 111.4 474.79
14 4 2022 22 35 25 113.4 484.52
19 4 2022 15 29 27 119.0 508.45
20 4 2022 20 30 26 116.6 498.89
27 4 2022 23 44 26 123.9 550.75
1 5 2022 17 51 28 121.0 537.04
1 5 2022 18 35 27 122.9 545.47
1 5 2022 18 36 28 122.9 545.47
3 5 2022 16 57 26 121.5 540.89
8 5 2022 16 25 29 117.5 522.78
10 5 2022 0 34 27 116.1 516.62
10 5 2022 0 41 27 116.1 516.62
29 5 2022 2 57 34 107.1 458.07
2 6 2022 16 53 33 111.5 477.9
4 6 2022 18 59 33 107.9 462.12
5 6 2022 21 11 30 111.0 475.4
8 6 2022 14 26 35 115.0 494.14
10 6 2022 20 44 35 109.0 474.55
2 7 2022 21 40 31 103.6 468.74
4 7 2022 15 3 27 105.7 478.24
26 7 2022 2 40 31 109.9 505.48
26 7 2022 2 41 31 109.9 505.48
26 7 2022 2 41 31 109.9 505.48
26 7 2022 2 41 31 109.9 505.48
27 7 2022 19 40 26 118.0 552.7
27 7 2022 19 49 26 118.0 552.7
31 7 2022 0 5 29 116.3 540.27
1 8 2022 1 24 31 113.2 525.87
1 8 2022 1 26 31 113.2 525.87
