9 11 2021 5 25 217949
9 11 2021 5 25 217965
9 11 2021 5 26 217965
9 11 2021 5 26 217965
9 11 2021 5 26 217964
9 11 2021 5 26 217964
10 11 2021 1 26 221593
10 11 2021 23 59 219177
11 11 2021 0 0 219177
11 11 2021 0 0 219173
11 11 2021 3 26 219413
11 11 2021 3 50 219419
11 11 2021 3 50 219419
16 11 2021 23 3 189377
18 11 2021 10 31 189045
18 11 2021 10 32 189044
19 11 2021 22 23 172624
19 11 2021 22 37 172594
19 11 2021 22 43 172503
19 11 2021 22 51 172434
19 11 2021 22 51 172425
19 11 2021 22 52 172424
19 11 2021 22 56 172415
19 11 2021 22 56 172415
19 11 2021 22 57 172413 0.49 2.01
20 11 2021 3 45 167753 0.51 2.09
20 11 2021 8 29 165606 0.49 2.04
20 11 2021 9 31 164965 0.50 2.08
20 11 2021 11 34 165836 0.48 1.99
22 11 2021 6 18 164792 0.50 2.08
23 11 2021 2 33 166575 0.49 2.04
23 11 2021 11 56 167847 0.48 2.0
24 11 2021 6 4 168758 0.49 2.04
25 11 2021 0 33 171768 0.43 1.8
25 11 2021 3 21 170755 0.47 1.97
26 11 2021 3 37 165141 0.50 2.09
27 11 2021 2 1 157779 0.51 2.12
27 11 2021 2 8 157955 0.49 2.04
27 11 2021 2 11 157952 0.51 2.12
27 11 2021 2 14 158014 0.51 2.12
27 11 2021 2 17 157960 0.51 2.12
27 11 2021 14 55 153433 0.51 2.13
28 11 2021 6 9 148871 0.55 2.3
28 11 2021 13 28 150601 0.54 2.25
28 11 2021 14 58 149287 0.55 2.3
28 11 2021 18 10 147211 0.57 2.38
28 11 2021 18 25 147230 0.57 2.38
1 12 2021 6 7 151491 0.53 2.21
1 12 2021 9 2 151564 0.51 2.09
1 12 2021 20 26 153083 0.52 2.13
2 12 2021 14 41 149567 0.53 2.17
2 12 2021 14 42 149563 0.53 2.17
2 12 2021 14 42 149562 0.54 2.21
3 12 2021 17 24 145512 0.57 2.31
4 12 2021 13 42 136712 0.57 2.32
5 12 2021 5 0 132867 0.59 2.4
5 12 2021 16 14 128921 0.59 2.4
5 12 2021 19 7 128746 0.61 2.48
5 12 2021 19 7 128745 0.61 2.48
6 12 2021 15 48 127810 0.62 2.52
7 12 2021 13 49 133400 0.59 2.4
7 12 2021 13 49 133399 0.60 2.44
8 12 2021 2 43 132605 0.59 2.4
8 12 2021 12 42 131538 0.58 2.37
9 12 2021 21 20 129645 0.60 2.44
10 12 2021 1 35 129024 0.61 2.48
11 12 2021 1 40 129806 0.61 2.48
11 12 2021 1 41 129819 0.61 2.48
13 12 2021 0 58 132605 0.57 2.33
14 12 2021 12 35 136575 0.58 2.38
14 12 2021 18 37 140589 0.58 2.38
14 12 2021 18 37 140590 0.58 2.38
17 12 2021 0 16 140359 0.53 2.18
20 12 2021 14 27 133700 0.55 2.25
21 12 2021 11 38 134461 0.52 2.14
21 12 2021 11 38 134455 0.52 2.14
21 12 2021 11 39 134448 0.51 2.1
21 12 2021 11 39 134449 0.51 2.1
21 12 2021 11 40 134452 0.51 2.1
23 12 2021 18 59 127839 0.57 2.34
26 12 2021 18 10 120359 0.60 2.45
27 12 2021 2 32 121203 0.62 2.53
29 12 2021 1 12 118553 0.62 2.52
30 12 2021 4 28 116910 0.63 2.56
2 1 2022 0 41 110978 0.69 2.8
2 1 2022 21 22 108935 0.69 2.8
4 1 2022 23 54 108555 0.71 2.87
6 1 2022 20 19 110650 0.70 2.82
7 1 2022 22 0 106213 0.71 2.86
8 1 2022 16 16 103407 0.72 2.9
11 1 2022 0 30 96503" 0.74 2.98
11 1 2022 12 59 102029 0.74 2.96
11 1 2022 15 56 99976" 0.74 2.96
11 1 2022 15 56 99958" 0.74 2.96
11 1 2022 21 52 99075" 0.74 2.96
12 1 2022 1 50 99364" 0.75 3.0
13 1 2022 1 59 93662" 0.78 3.13
15 1 2022 4 49 96769" 0.82 3.24
15 1 2022 16 18 102990 0.81 3.21
19 1 2022 1 22 112460 0.72 2.86
19 1 2022 1 22 112460 0.72 2.86
19 1 2022 1 22 112458 0.75 2.98
19 1 2022 21 4 108932 0.77 3.07
20 1 2022 9 10 108679 0.77 3.07
20 1 2022 9 20 108692 0.76 3.03
20 1 2022 9 52 108618 0.75 2.99
21 1 2022 18 37 108781 0.80 3.18
21 1 2022 18 38 108752 0.80 3.18
21 1 2022 22 31 108733 0.80 3.18
23 1 2022 13 7 110833 0.77 3.07
23 1 2022 13 12 110828 0.77 3.07
23 1 2022 13 23 110769 0.78 3.11
26 1 2022 20 28 114384 0.76 3.09
27 1 2022 15 39 114135 0.77 3.13
28 1 2022 11 17 111798 0.75 3.06
29 1 2022 16 41 114766 0.76 3.12
30 1 2022 23 53 114750 0.77 3.16
31 1 2022 19 38 111713 0.80 3.29
31 1 2022 19 38 111704 0.80 3.29
1 2 2022 23 25 112086 0.81 3.29
2 2 2022 21 10 114700 0.81 3.25
14 2 2022 15 0 123733 0.77 3.05
16 2 2022 14 59 125106 0.74 2.94
20 2 2022 17 7 127726 0.75 2.99
24 2 2022 2 36 126647 0.72 2.89
25 2 2022 2 59 121501 0.77 3.21
27 2 2022 20 35 106880 0.80 3.31
28 2 2022 17 7 101492 0.82 3.39
28 2 2022 17 7 101605 0.82 3.39
28 2 2022 19 56 102472 0.81 3.39
1 3 2022 17 28 99014" 0.81 3.39
1 3 2022 17 28 99008" 0.81 3.39
3 3 2022 2 57 93936" 0.80 3.46
3 3 2022 3 0 93932" 0.80 3.46
3 3 2022 15 48 91995" 0.83 3.59
3 3 2022 23 39 92628" 0.77 3.32
3 3 2022 23 46 92599" 0.77 3.32
4 3 2022 14 43 88375" 0.84 3.62
4 3 2022 22 58 89352" 0.85 3.77
5 3 2022 0 40 88714" 0.85 3.77
5 3 2022 0 45 88683" 0.85 3.77
5 3 2022 0 46 88671" 0.85 3.77
5 3 2022 0 53 88658" 0.85 3.77
5 3 2022 1 15 88422" 0.85 3.77
5 3 2022 23 2 87110" 0.86 3.82
5 3 2022 23 4 87115" 0.86 3.82
5 3 2022 23 4 87061" 0.86 3.82
6 3 2022 14 43 87190" 0.85 3.77
6 3 2022 14 44 87193" 0.86 3.82
6 3 2022 15 23 86882" 0.87 3.86
6 3 2022 16 27 87437" 0.86 3.82
6 3 2022 18 32 86586" 0.88 3.91
7 3 2022 0 42 87036" 0.87 3.86
7 3 2022 19 49 82021" 0.89 4.05
8 3 2022 0 27 73593" 0.85 3.86
8 3 2022 0 54 74179" 0.83 3.77
8 3 2022 1 40 75221" 0.81 3.68
8 3 2022 2 21 75398" 0.80 3.64 4.545663148233134
12 3 2022 1 27 83459" 0.92 4.0 4.35122838944495
21 3 2022 0 14 67795" 0.99 4.24 4.2818859011627906
21 3 2022 8 29 64988" 1.04 4.45 4.2818859011627906
21 3 2022 16 33 63490" 1.05 4.5 4.2818859011627906
22 3 2022 15 24 65232" 1.05 4.47 4.254393911940569
23 3 2022 16 12 70653" 0.97 4.12 4.249909288824383
24 3 2022 17 38 72121" 0.96 4.11 4.28329540282203
25 3 2022 12 7 71222" 1.03 4.45 4.319639278557114
25 3 2022 12 8 71222" 1.03 4.45 4.319639278557114
25 3 2022 14 15 72245" 1.01 4.36 4.319639278557114
26 3 2022 13 34 71056" 1.06 4.56 4.299854571896018
28 3 2022 0 38 73248" 1.03 4.43 4.299854571896018
28 3 2022 13 47 70149" 1.07 4.6 4.299854571896018
29 3 2022 10 28 71922" 1.04 4.47 4.302389202991063
31 3 2022 17 45 73917" 1.08 4.53 4.195488046018336
1 4 2022 14 11 68717" 1.10 4.61 4.19160435996757
1 4 2022 20 24 67231" 1.10 4.62 4.19842562432139
1 4 2022 20 25 67226" 1.09 4.58 4.19842562432139
1 4 2022 20 28 67151" 1.10 4.62 4.19842562432139
1 4 2022 20 30 67094" 1.11 4.66 4.19842562432139
3 4 2022 13 56 67926" 1.15 4.83 4.19842562432139
3 4 2022 13 56 67926" 1.15 4.83 4.19842562432139
5 4 2022 2 9 70759" 1.15 4.85 4.213993639254884
5 4 2022 22 22 70786" 1.12 4.72 4.217795605798159
9 4 2022 15 49 75855" 1.11 4.75 4.275573151643495
9 4 2022 15 50 75854" 1.11 4.75 4.275573151643495
11 4 2022 14 34 78278" 1.07 4.57 4.275573151643495
12 4 2022 17 54 77237" 1.10 4.69 4.262018348623853
14 4 2022 22 35 78753" 1.09 4.66 4.272660415517558
19 4 2022 15 29 74993" 1.12 4.79 4.272660415517558
20 4 2022 20 30 75442" 1.12 4.79 4.278670360110803
21 4 2022 15 32 69132" 1.15 4.92 4.278670360110803
21 4 2022 15 39 69078" 1.15 4.92 4.278670360110803
21 4 2022 15 40 68863" 1.15 4.92 4.278670360110803
21 4 2022 15 42 68848" 1.15 4.92 4.278670360110803
21 4 2022 17 12 68861" 1.12 4.79 4.278670360110803
27 4 2022 23 44 65796" 1.15 5.11 4.445147878673344
1 5 2022 17 51 57953" 1.27 5.64 4.438330170777989
1 5 2022 18 35 57674" 1.27 5.64 4.438330170777989
1 5 2022 18 36 57614" 1.27 5.64 4.438330170777989
3 5 2022 16 57 55128" 1.26 5.61 4.451729380463702
8 5 2022 16 25 49802" 1.32 5.87 4.449195837275307
10 5 2022 0 34 54246" 1.32 5.87 4.449758499857941
10 5 2022 0 41 54199" 1.32 5.87 4.449758499857941
29 5 2022 2 57 40882" 1.51 6.46 4.27700055959709
2 6 2022 16 53 36288" 1.72 7.37 4.286127707244213
4 6 2022 18 59 38340" 1.68 7.2 4.282851817334577
5 6 2022 21 11 39378" 1.70 7.28 4.282851817334577
8 6 2022 14 26 43549" 1.65 7.09 4.296848621271806
8 6 2022 14 26 43551" 1.65 7.09 4.296848621271806
10 6 2022 20 44 41889" 1.66 7.23 4.353658536585366
2 7 2022 21 40 51083" 1.32 5.97 4.524508393285372
4 7 2022 15 3 49677" 1.42 6.42 4.524508393285372
26 7 2022 2 40 49944" 1.62 7.45 4.599452911293474
26 7 2022 2 41 49944" 1.62 7.45 4.599452911293474
26 7 2022 2 41 49944" 1.62 7.45 4.599452911293474
26 7 2022 2 41 49944" 1.62 7.45 4.599452911293474
27 7 2022 19 40 49458" 1.62 7.59 4.683919399446859
27 7 2022 19 49 49442" 1.61 7.54 4.683919399446859
