27 11 2021 2 8 43949" 0.65 2.7
27 11 2021 2 11 43931" 0.65 2.7
27 11 2021 2 14 44004" 0.65 2.7
27 11 2021 2 17 44006 0.64 2.66
27 11 2021 14 55 43275 0.62 2.59
28 11 2021 6 9 37662 0.69 2.88
28 11 2021 13 28 43705 0.60 2.5
28 11 2021 14 59 45091 0.64 2.67
28 11 2021 18 10 45294 0.64 2.67
28 11 2021 18 25 45244 0.66 2.75
1 12 2021 6 7 48188 0.64 2.67
1 12 2021 9 2 47031 0.62 2.54
1 12 2021 20 26 52589 0.63 2.59
2 12 2021 14 41 55833 0.60 2.45
2 12 2021 14 42 55875 0.59 2.41
2 12 2021 14 42 55868 0.61 2.5
3 12 2021 17 24 59073 0.63 2.55
4 12 2021 13 42 57793 0.63 2.56
5 12 2021 5 0 54191 0.65 2.64
5 12 2021 16 14 64638 0.63 2.56
5 12 2021 19 7 66608 0.64 2.6
5 12 2021 19 7 66610 0.64 2.6
6 12 2021 15 48 71733 0.62 2.52
7 12 2021 13 49 75850 0.60 2.44
7 12 2021 13 49 75847 0.61 2.48
8 12 2021 2 43 77442 0.60 2.44
8 12 2021 12 43 77483 0.59 2.41
9 12 2021 21 20 99611 0.55 2.24
10 12 2021 1 35 99192 0.59 2.4
11 12 2021 1 40 10163 0.59 2.4
11 12 2021 1 41 10165 0.58 2.36
13 12 2021 0 58 11925 0.54 2.21
14 12 2021 12 35 12113 0.53 2.17
14 12 2021 18 37 12177 0.53 2.17
14 12 2021 18 37 12180 0.53 2.17
17 12 2021 0 16 12689 0.50 2.05
20 12 2021 14 27 12722 0.50 2.04
21 12 2021 11 38 12362 0.49 2.01
21 12 2021 11 38 12363 0.49 2.01
21 12 2021 11 39 12363 0.49 2.01
21 12 2021 11 39 12363 0.49 2.01
21 12 2021 11 40 12361 0.49 2.01
23 12 2021 18 59 10920 0.53 2.17
26 12 2021 18 10 98293 0.55 2.24
27 12 2021 2 32 10495 0.58 2.37
29 12 2021 1 13 10357 0.57 2.32
30 12 2021 4 28 97131 0.59 2.4
2 1 2022 0 41 86309 0.61 2.48
2 1 2022 21 22 90035 0.59 2.39
4 1 2022 23 54 95649 0.59 2.38
6 1 2022 20 19 10741 0.57 2.3
7 1 2022 22 0 10621 0.58 2.34
8 1 2022 16 16 10448 0.58 2.34
11 1 2022 0 30 10661 0.59 2.38
11 1 2022 13 0 10625 0.59 2.36
11 1 2022 15 56 10656 0.58 2.32
11 1 2022 15 56 10658 0.58 2.32
11 1 2022 21 52 11154 0.58 2.32
12 1 2022 1 50 10988 0.58 2.32
13 1 2022 1 59 11815 0.57 2.28
15 1 2022 4 49 13928 0.55 2.18
15 1 2022 16 18 14605 0.52 2.06
19 1 2022 1 22 15938 0.52 2.06
19 1 2022 1 22 15940 0.52 2.06
19 1 2022 21 4 16066 0.51 2.03
20 1 2022 9 10 15666 0.52 2.07
20 1 2022 9 20 15674 0.52 2.07
20 1 2022 9 52 15720 0.52 2.07
21 1 2022 18 38 14671 0.51 2.03
21 1 2022 22 31 14691 0.52 2.07
23 1 2022 13 7 15551 0.50 2.0
23 1 2022 13 12 15613 0.50 2.0
23 1 2022 13 23 15672 0.49 1.96
26 1 2022 20 28 15071 0.50 2.03
27 1 2022 15 39 14982 0.49 1.99
28 1 2022 11 17 14563 0.50 2.04
29 1 2022 16 41 13644 0.53 2.18
30 1 2022 23 53 13016 0.54 2.22
31 1 2022 19 38 12043 0.58 2.39
31 1 2022 19 38 12044 0.58 2.39
1 2 2022 23 26 12235 0.58 2.36
2 2 2022 21 10 12424 0.59 2.37
14 2 2022 15 0 10574 0.64 2.53
16 2 2022 14 59 11386 0.62 2.46
20 2 2022 17 7 14565 0.59 2.35
24 2 2022 2 36 14772 0.57 2.29
25 2 2022 3 0 14766 0.57 2.38
27 2 2022 20 35 14473 0.59 2.44
28 2 2022 17 7 14021 0.58 2.4
28 2 2022 17 7 14021 0.59 2.44
28 2 2022 19 56 14192 0.58 2.43
1 3 2022 17 28 12350 0.59 2.47
1 3 2022 17 28 12349 0.59 2.47
3 3 2022 2 58 11071 0.60 2.59
3 3 2022 3 0 11067 0.61 2.64
3 3 2022 15 48 10655 0.62 2.68
3 3 2022 23 39 10424 0.61 2.63
3 3 2022 23 46 10404 0.61 2.63
4 3 2022 14 43 10052 0.63 2.71
4 3 2022 22 58 10097 0.64 2.84
5 3 2022 0 40 10120 0.63 2.8
5 3 2022 0 45 10119 0.62 2.75
5 3 2022 0 46 10118 0.63 2.8
5 3 2022 0 53 10111 0.63 2.8
5 3 2022 1 15 10083 0.64 2.84
5 3 2022 23 2 96984 0.65 2.89
5 3 2022 23 4 96990 0.64 2.84
5 3 2022 23 4 96993 0.64 2.84
6 3 2022 14 43 95544 0.66 2.93
6 3 2022 14 44 95376 0.66 2.93
6 3 2022 15 23 95601 0.66 2.93
6 3 2022 16 27 95988 0.66 2.93
6 3 2022 18 32 96643 0.65 2.89
7 3 2022 0 42 10012 0.66 2.93
7 3 2022 19 49 94836 0.69 3.14
8 3 2022 0 27 89763 0.64 2.91
8 3 2022 0 54 90335 0.64 2.91
8 3 2022 1 40 91189 0.64 2.91
8 3 2022 2 21 91979 0.64 2.91
12 3 2022 1 27 87589 0.71 3.09
21 3 2022 0 14 46256 0.87 3.73
21 3 2022 8 29 43211 0.87 3.73
21 3 2022 16 33 40801 0.88 3.77
22 3 2022 15 24 33582 0.95 4.04
23 3 2022 16 12 38148 0.93 3.95
24 3 2022 17 38 43197 0.86 3.68
25 3 2022 12 7 42274 0.89 3.84
25 3 2022 12 8 42274 0.89 3.84
25 3 2022 14 15 41372 0.94 4.06
26 3 2022 13 34 39996 0.96 4.13
28 3 2022 0 38 43788 0.99 4.26
28 3 2022 13 47 46762 0.98 4.21
29 3 2022 10 28 47845 0.94 4.04
31 3 2022 17 45 43288 1.00 4.2
1 4 2022 14 11 39118 1.01 4.23
1 4 2022 20 24 37940 1.05 4.41
1 4 2022 20 25 37926 1.06 4.45
1 4 2022 20 28 37885 1.05 4.41
1 4 2022 20 30 37890 1.04 4.37
3 4 2022 13 56 31452 1.08 4.53
3 4 2022 13 56 31452 1.08 4.53
5 4 2022 2 9 39199 1.16 4.89
5 4 2022 22 22 40909 1.15 4.85
9 4 2022 15 49 45546 1.12 4.79
9 4 2022 15 50 45617 1.12 4.79
11 4 2022 14 34 43916 1.17 5.0
12 4 2022 17 54 38820 1.16 4.94
14 4 2022 22 35 37865 1.16 4.96
19 4 2022 15 29 26595 1.22 5.21
20 4 2022 20 30 24516 1.22 5.22
27 4 2022 23 44 27171 1.32 5.87
1 5 2022 17 51 30051 1.33 5.9
1 5 2022 18 35 30152 1.33 5.9
1 5 2022 18 36 30140 1.33 5.9
3 5 2022 16 57 36989 1.27 5.65
8 5 2022 16 25 35349 1.27 5.65
10 5 2022 0 34 37830 1.24 5.52
10 5 2022 0 41 37818 1.24 5.52
29 5 2022 2 57 21811 1.39 5.95
2 6 2022 16 53 17048 1.43 6.13
4 6 2022 18 59 16534 1.51 6.47
5 6 2022 21 11 16441 1.50 6.42
8 6 2022 14 26 14267 1.54 6.62
8 6 2022 14 26 14310 1.54 6.62
10 6 2022 20 44 15655 1.55 6.75
2 7 2022 21 40 18144 1.41 6.38
4 7 2022 15 3 17774 1.32 5.97
26 7 2022 2 40 13403 1.54 7.08
26 7 2022 2 41 13408 1.54 7.08
26 7 2022 2 41 13410 1.54 7.08
26 7 2022 2 41 13414 1.54 7.08
27 7 2022 19 40 13203 1.51 7.07
27 7 2022 19 49 13204 1.51 7.07
