27 11 2021 2 14 16021" 2.89 12.02
27 11 2021 2 17 16034 2.88 11.97
27 11 2021 14 55 16238 2.72 11.35
28 11 2021 6 9 16559 2.73 11.39
28 11 2021 13 28 16114 2.61 10.89
28 11 2021 14 59 16271 2.68 11.18
28 11 2021 18 11 16028 2.73 11.39
28 11 2021 18 25 16073 2.67 11.14
1 12 2021 6 7 14716 2.70 11.24
1 12 2021 9 2 14663 2.59 10.63
1 12 2021 20 26 14365 2.70 11.08
2 12 2021 14 42 14366 2.59 10.6
2 12 2021 14 42 14365 2.60 10.64
2 12 2021 14 42 14368 2.57 10.51
3 12 2021 17 25 13107 3.10 12.56
4 12 2021 13 42 14686 3.11 12.65
5 12 2021 5 0 14491 3.08 12.53
5 12 2021 16 14 14272 3.11 12.65
5 12 2021 19 7 14527 3.12 12.69
6 12 2021 15 48 14757 3.05 12.41
7 12 2021 13 49 15075 3.08 12.53
8 12 2021 2 43 14679 3.03 12.33
8 12 2021 12 43 14106 3.00 12.24
9 12 2021 21 20 13292 3.05 12.41
10 12 2021 1 35 13169 3.10 12.61
11 12 2021 1 40 12952 3.24 13.19
11 12 2021 1 41 12952 3.24 13.19
13 12 2021 0 58 13459 3.10 12.68
14 12 2021 12 35 12350 3.23 13.24
14 12 2021 18 37 12402 3.25 13.32
14 12 2021 18 37 12407 3.25 13.32
17 12 2021 0 16 13563 3.04 12.49
20 12 2021 14 27 10146 3.02 12.35
21 12 2021 11 38 10417 3.07 12.62
21 12 2021 11 38 10417 3.07 12.62
21 12 2021 11 39 10418 3.06 12.58
21 12 2021 11 39 10416 3.07 12.62
21 12 2021 11 40 10413 3.07 12.62
23 12 2021 18 59 9705" 2.90 11.89
26 12 2021 18 10 10338 3.03 12.37
27 12 2021 2 32 10089 3.26 13.31
29 12 2021 1 13 10533 3.02 12.29
30 12 2021 4 28 11000 3.05 12.4
2 1 2022 0 41 10762 3.00 12.18
2 1 2022 21 22 10887 2.95 11.97
4 1 2022 23 54 9893" 2.89 11.68
6 1 2022 20 19 9747" 3.02 12.18
7 1 2022 22 0 9527" 3.11 12.54
8 1 2022 16 16 9502" 3.22 12.97
11 1 2022 0 31 9779" 3.04 12.24
11 1 2022 13 0 10755 2.92 11.7
11 1 2022 15 56 10582 3.10 12.42
11 1 2022 15 56 10582 3.10 12.42
11 1 2022 21 52 10598 3.13 12.54
12 1 2022 1 50 10559 3.26 13.06
13 1 2022 1 59 11417 2.82 11.3
15 1 2022 4 49 10542 3.13 12.39
15 1 2022 16 18 10688 2.82 11.19
19 1 2022 1 22 9904" 3.38 13.41
19 1 2022 1 22 9905" 3.38 13.41
19 1 2022 21 4 8962" 3.31 13.18
20 1 2022 9 10 8977" 3.34 13.3
20 1 2022 9 20 8986" 3.34 13.3
20 1 2022 9 52 8985" 3.35 13.34
21 1 2022 18 38 9107" 3.11 12.38
21 1 2022 22 31 9101" 3.27 13.01
23 1 2022 13 8 9547" 3.25 12.98
23 1 2022 13 12 9539" 3.26 13.02
23 1 2022 13 23 9561" 3.15 12.58
26 1 2022 20 28 9465" 3.22 13.1
27 1 2022 15 39 9322" 3.10 12.61
28 1 2022 11 17 9246" 2.99 12.22
29 1 2022 16 41 9356" 2.90 11.91
30 1 2022 23 54 10009 2.91 11.95
31 1 2022 19 38 10066 3.08 12.67
31 1 2022 19 38 10059 3.08 12.67
1 2 2022 23 26 9813" 2.99 12.16
2 2 2022 21 10 9950" 2.94 11.8
14 2 2022 15 0 9498" 3.02 11.96
16 2 2022 14 59 9556" 3.07 12.19
20 2 2022 17 7 8710" 3.25 12.94
24 2 2022 2 36 8341" 3.14 12.59
25 2 2022 3 0 8116" 3.16 13.18
27 2 2022 20 35 7708" 3.15 13.02
28 2 2022 17 7 7013" 3.26 13.48
28 2 2022 19 56 6972" 3.30 13.8
1 3 2022 17 28 6819" 3.28 13.72
3 3 2022 2 58 6462" 3.28 14.18
3 3 2022 3 0 6462" 3.28 14.18
3 3 2022 15 49 6424" 3.05 13.19
3 3 2022 23 39 6238" 3.41 14.68
3 3 2022 23 46 6198" 3.27 14.08
4 3 2022 14 43 6336" 3.16 13.61
4 3 2022 22 58 6292" 3.17 14.08
5 3 2022 0 40 6481" 3.34 14.83
5 3 2022 0 45 6480" 3.34 14.83
5 3 2022 0 46 6477" 3.34 14.83
5 3 2022 0 53 6456" 3.38 15.01
5 3 2022 1 15 6434" 3.36 14.92
5 3 2022 23 2 6462" 3.31 14.7
5 3 2022 23 4 6460" 3.31 14.7
5 3 2022 23 4 6461" 3.31 14.7
6 3 2022 14 43 6893" 3.13 13.9
6 3 2022 14 44 6893" 3.13 13.9
6 3 2022 15 23 6917" 3.16 14.03
6 3 2022 16 27 6912" 3.13 13.9
6 3 2022 18 32 6927" 3.19 14.17
7 3 2022 0 42 6889" 3.24 14.39
7 3 2022 19 49 6186" 3.40 15.46
8 3 2022 0 27 6060" 3.25 14.77
8 3 2022 0 54 6108" 3.01 13.68
8 3 2022 1 40 6089" 3.12 14.18
8 3 2022 2 21 6099" 3.13 14.23
12 3 2022 1 27 8633" 3.37 14.66
21 3 2022 0 14 8528" 3.26 13.96
21 3 2022 8 29 8396" 3.35 14.34
21 3 2022 16 33 8433" 3.26 13.96
22 3 2022 15 24 8558" 3.35 14.25
23 3 2022 16 12 8800" 3.16 13.43
24 3 2022 17 38 9001" 3.27 14.01
25 3 2022 12 7 9042" 3.24 14.0
25 3 2022 12 8 9042" 3.24 14.0
25 3 2022 14 15 8998" 3.27 14.13
26 3 2022 13 34 8648" 3.33 14.32
28 3 2022 0 38 8672" 3.18 13.67
28 3 2022 13 47 8574" 3.26 14.02
29 3 2022 10 28 8903" 2.96 12.74
31 3 2022 17 45 8455" 3.36 14.1
1 4 2022 14 11 7943" 3.36 14.08
1 4 2022 20 24 7943" 3.26 13.69
1 4 2022 20 25 7941" 3.31 13.9
1 4 2022 20 28 7940" 3.31 13.9
1 4 2022 20 30 7937" 3.38 14.19
3 4 2022 13 56 7012" 3.64 15.28
3 4 2022 13 56 7012" 3.64 15.28
5 4 2022 2 9 6813" 3.64 15.34
5 4 2022 22 22 6871" 3.70 15.61
9 4 2022 15 49 7031" 3.70 15.82
9 4 2022 15 50 7030" 3.70 15.82
11 4 2022 14 34 7547" 3.65 15.61
12 4 2022 17 54 7998" 3.63 15.47
14 4 2022 22 35 7457" 3.65 15.6
19 4 2022 15 29 5615" 4.02 17.18
20 4 2022 20 30 5673" 4.14 17.71
27 4 2022 23 44 7068" 3.56 15.82
1 5 2022 17 51 6087" 3.75 16.64
1 5 2022 18 35 6018" 3.59 15.93
1 5 2022 18 36 6013" 3.59 15.93
3 5 2022 16 57 6440" 3.64 16.2
8 5 2022 16 25 6185" 3.03 13.48
10 5 2022 0 34 6294" 3.03 13.48
10 5 2022 0 41 6294" 3.22 14.33
29 5 2022 2 57 4957" 3.01 12.87
2 6 2022 16 53 4067" 3.22 13.8
4 6 2022 18 59 4108" 2.73 11.69
5 6 2022 21 11 4108" 2.89 12.38
8 6 2022 14 26 4077" 2.87 12.33
10 6 2022 20 44 3846" 2.80 12.19
2 7 2022 21 40 3182" 3.03 13.71
4 7 2022 15 3 2872" 3.22 14.57
26 7 2022 2 40 2609" 3.30 15.18
26 7 2022 2 41 2609" 3.30 15.18
26 7 2022 2 41 2609" 3.30 15.18
26 7 2022 2 41 2609" 3.30 15.18
27 7 2022 19 40 2873" 3.05 14.29
27 7 2022 19 49 2873" 3.05 14.29
31 7 2022 0 5 2740" 3.07 14.26
1 8 2022 1 24 2810" 3.07 14.26
1 8 2022 1 26 2810" 3.07 14.26
